00000000000002222244444444444444444444444444444444
00000002222222444444444444444444444444444444444444
00002222444444444444444444444444444444444444444444
22222444444444444444554444444444444444444444444444
44444444444444444445555444444444444444444444444444
44444444444444444455555433334444444444444444444444
44444444444444444555554333344444444444444444444444
44444444444444444555433333344444444444444444444444
44444444444444444444443333444444444444444444444444
44444444444444444444444444444444444444444444444444
44444444444444444444444444444444444444444444444444
44444444444444444444444444444444444444444444444444
44444444444444444444444444444444444444444444444444
44444444444444444444444444444444444444444444444444
44444444444444444444444444444444444444444444444444
44444444444444444444444444444444444444444444444444
44444444444444444444444444444444444444444444444444
44444444444444444444444444444444444444444444444444
44444444444444444444444444444444444444444444444444
44444444444444444444444444444444444444444444444444
44444444444444444444444444444444444444444444444444
44444444444444444444444444444444444444444444444444
44444444444444444444444444444444444444444444444444
44444444444444444444444444444444444444444444444444
44444444444444444444444444444444444444444444444444
44444444444444444444444444444444444444444444444444
44444444444444444444444444444444444444444444444444
44444444444444444444444444444444444444444444444444
44444444444444444444444444444444444444444444444444
44444444444444444444444444444444444444444444444444
44444444444444444444444444444444444444444444444444
44444444444444444444444444444444444444444444444444
44444444444444444444444444444444444444444444444444
44444444444444444444444444444444444444444444444444
44444444444444444444444444444444444444444444444444
44444444444444444444444444444444444444444444444444
44444444444444444444444444444444444444444444444444
44444444444444444444444444444444444444444444444444
44444444444444444444444444444444444444444444444444
44444444444444444444444444444444444444444444444444
44444444444444444444444444444444444444444444444444
44444444444444444444444444444444444444444444444444
44444444444444444444444444444444444444444444444444
44444444444444444444444444444444444444444444444444
44444444444444444444444444444444444444444444444444
44444444444444444444444444444444444444444444444444
44444444444444444444444444444444444444444444444444
44444444444444444444444444444444444444444444444444
44444444444444444444444444444444444444444444444444
44444444444444444444444444444444444444444444444444